image: lab_map.pgm
resolution: 0.020000
origin: [-15.000000, -15.000000, 0]
negate: 0
occupied_thresh: 0.65
free_thresh: 0.196

